{
 "cells": [
  {
   "cell_type": "code",
   "execution_count": 2,
   "metadata": {},
   "outputs": [],
   "source": [
    "import pandas as pd"
   ]
  },
  {
   "cell_type": "code",
   "execution_count": 3,
   "metadata": {},
   "outputs": [
    {
     "ename": "FileNotFoundError",
     "evalue": "[Errno 2] No such file or directory: 'post_data_prep_all_zones.csv'",
     "output_type": "error",
     "traceback": [
      "\u001b[1;31m---------------------------------------------------------------------------\u001b[0m",
      "\u001b[1;31mFileNotFoundError\u001b[0m                         Traceback (most recent call last)",
      "\u001b[1;32mc:\\Users\\barka\\Documents\\GitHub\\nyc-taxi-demand-predication\\featureSelection.ipynb Cell 2'\u001b[0m in \u001b[0;36m<cell line: 1>\u001b[1;34m()\u001b[0m\n\u001b[1;32m----> <a href='vscode-notebook-cell:/c%3A/Users/barka/Documents/GitHub/nyc-taxi-demand-predication/featureSelection.ipynb#ch0000001?line=0'>1</a>\u001b[0m main_df\u001b[39m=\u001b[39mpd\u001b[39m.\u001b[39;49mread_csv(\u001b[39mr\u001b[39;49m\u001b[39m'\u001b[39;49m\u001b[39mpost_data_prep_all_zones.csv\u001b[39;49m\u001b[39m'\u001b[39;49m)\n",
      "File \u001b[1;32m~\\AppData\\Local\\Programs\\Python\\Python310\\lib\\site-packages\\pandas\\util\\_decorators.py:311\u001b[0m, in \u001b[0;36mdeprecate_nonkeyword_arguments.<locals>.decorate.<locals>.wrapper\u001b[1;34m(*args, **kwargs)\u001b[0m\n\u001b[0;32m    <a href='file:///c%3A/Users/barka/AppData/Local/Programs/Python/Python310/lib/site-packages/pandas/util/_decorators.py?line=304'>305</a>\u001b[0m \u001b[39mif\u001b[39;00m \u001b[39mlen\u001b[39m(args) \u001b[39m>\u001b[39m num_allow_args:\n\u001b[0;32m    <a href='file:///c%3A/Users/barka/AppData/Local/Programs/Python/Python310/lib/site-packages/pandas/util/_decorators.py?line=305'>306</a>\u001b[0m     warnings\u001b[39m.\u001b[39mwarn(\n\u001b[0;32m    <a href='file:///c%3A/Users/barka/AppData/Local/Programs/Python/Python310/lib/site-packages/pandas/util/_decorators.py?line=306'>307</a>\u001b[0m         msg\u001b[39m.\u001b[39mformat(arguments\u001b[39m=\u001b[39marguments),\n\u001b[0;32m    <a href='file:///c%3A/Users/barka/AppData/Local/Programs/Python/Python310/lib/site-packages/pandas/util/_decorators.py?line=307'>308</a>\u001b[0m         \u001b[39mFutureWarning\u001b[39;00m,\n\u001b[0;32m    <a href='file:///c%3A/Users/barka/AppData/Local/Programs/Python/Python310/lib/site-packages/pandas/util/_decorators.py?line=308'>309</a>\u001b[0m         stacklevel\u001b[39m=\u001b[39mstacklevel,\n\u001b[0;32m    <a href='file:///c%3A/Users/barka/AppData/Local/Programs/Python/Python310/lib/site-packages/pandas/util/_decorators.py?line=309'>310</a>\u001b[0m     )\n\u001b[1;32m--> <a href='file:///c%3A/Users/barka/AppData/Local/Programs/Python/Python310/lib/site-packages/pandas/util/_decorators.py?line=310'>311</a>\u001b[0m \u001b[39mreturn\u001b[39;00m func(\u001b[39m*\u001b[39margs, \u001b[39m*\u001b[39m\u001b[39m*\u001b[39mkwargs)\n",
      "File \u001b[1;32m~\\AppData\\Local\\Programs\\Python\\Python310\\lib\\site-packages\\pandas\\io\\parsers\\readers.py:680\u001b[0m, in \u001b[0;36mread_csv\u001b[1;34m(filepath_or_buffer, sep, delimiter, header, names, index_col, usecols, squeeze, prefix, mangle_dupe_cols, dtype, engine, converters, true_values, false_values, skipinitialspace, skiprows, skipfooter, nrows, na_values, keep_default_na, na_filter, verbose, skip_blank_lines, parse_dates, infer_datetime_format, keep_date_col, date_parser, dayfirst, cache_dates, iterator, chunksize, compression, thousands, decimal, lineterminator, quotechar, quoting, doublequote, escapechar, comment, encoding, encoding_errors, dialect, error_bad_lines, warn_bad_lines, on_bad_lines, delim_whitespace, low_memory, memory_map, float_precision, storage_options)\u001b[0m\n\u001b[0;32m    <a href='file:///c%3A/Users/barka/AppData/Local/Programs/Python/Python310/lib/site-packages/pandas/io/parsers/readers.py?line=664'>665</a>\u001b[0m kwds_defaults \u001b[39m=\u001b[39m _refine_defaults_read(\n\u001b[0;32m    <a href='file:///c%3A/Users/barka/AppData/Local/Programs/Python/Python310/lib/site-packages/pandas/io/parsers/readers.py?line=665'>666</a>\u001b[0m     dialect,\n\u001b[0;32m    <a href='file:///c%3A/Users/barka/AppData/Local/Programs/Python/Python310/lib/site-packages/pandas/io/parsers/readers.py?line=666'>667</a>\u001b[0m     delimiter,\n\u001b[1;32m   (...)\u001b[0m\n\u001b[0;32m    <a href='file:///c%3A/Users/barka/AppData/Local/Programs/Python/Python310/lib/site-packages/pandas/io/parsers/readers.py?line=675'>676</a>\u001b[0m     defaults\u001b[39m=\u001b[39m{\u001b[39m\"\u001b[39m\u001b[39mdelimiter\u001b[39m\u001b[39m\"\u001b[39m: \u001b[39m\"\u001b[39m\u001b[39m,\u001b[39m\u001b[39m\"\u001b[39m},\n\u001b[0;32m    <a href='file:///c%3A/Users/barka/AppData/Local/Programs/Python/Python310/lib/site-packages/pandas/io/parsers/readers.py?line=676'>677</a>\u001b[0m )\n\u001b[0;32m    <a href='file:///c%3A/Users/barka/AppData/Local/Programs/Python/Python310/lib/site-packages/pandas/io/parsers/readers.py?line=677'>678</a>\u001b[0m kwds\u001b[39m.\u001b[39mupdate(kwds_defaults)\n\u001b[1;32m--> <a href='file:///c%3A/Users/barka/AppData/Local/Programs/Python/Python310/lib/site-packages/pandas/io/parsers/readers.py?line=679'>680</a>\u001b[0m \u001b[39mreturn\u001b[39;00m _read(filepath_or_buffer, kwds)\n",
      "File \u001b[1;32m~\\AppData\\Local\\Programs\\Python\\Python310\\lib\\site-packages\\pandas\\io\\parsers\\readers.py:575\u001b[0m, in \u001b[0;36m_read\u001b[1;34m(filepath_or_buffer, kwds)\u001b[0m\n\u001b[0;32m    <a href='file:///c%3A/Users/barka/AppData/Local/Programs/Python/Python310/lib/site-packages/pandas/io/parsers/readers.py?line=571'>572</a>\u001b[0m _validate_names(kwds\u001b[39m.\u001b[39mget(\u001b[39m\"\u001b[39m\u001b[39mnames\u001b[39m\u001b[39m\"\u001b[39m, \u001b[39mNone\u001b[39;00m))\n\u001b[0;32m    <a href='file:///c%3A/Users/barka/AppData/Local/Programs/Python/Python310/lib/site-packages/pandas/io/parsers/readers.py?line=573'>574</a>\u001b[0m \u001b[39m# Create the parser.\u001b[39;00m\n\u001b[1;32m--> <a href='file:///c%3A/Users/barka/AppData/Local/Programs/Python/Python310/lib/site-packages/pandas/io/parsers/readers.py?line=574'>575</a>\u001b[0m parser \u001b[39m=\u001b[39m TextFileReader(filepath_or_buffer, \u001b[39m*\u001b[39m\u001b[39m*\u001b[39mkwds)\n\u001b[0;32m    <a href='file:///c%3A/Users/barka/AppData/Local/Programs/Python/Python310/lib/site-packages/pandas/io/parsers/readers.py?line=576'>577</a>\u001b[0m \u001b[39mif\u001b[39;00m chunksize \u001b[39mor\u001b[39;00m iterator:\n\u001b[0;32m    <a href='file:///c%3A/Users/barka/AppData/Local/Programs/Python/Python310/lib/site-packages/pandas/io/parsers/readers.py?line=577'>578</a>\u001b[0m     \u001b[39mreturn\u001b[39;00m parser\n",
      "File \u001b[1;32m~\\AppData\\Local\\Programs\\Python\\Python310\\lib\\site-packages\\pandas\\io\\parsers\\readers.py:933\u001b[0m, in \u001b[0;36mTextFileReader.__init__\u001b[1;34m(self, f, engine, **kwds)\u001b[0m\n\u001b[0;32m    <a href='file:///c%3A/Users/barka/AppData/Local/Programs/Python/Python310/lib/site-packages/pandas/io/parsers/readers.py?line=929'>930</a>\u001b[0m     \u001b[39mself\u001b[39m\u001b[39m.\u001b[39moptions[\u001b[39m\"\u001b[39m\u001b[39mhas_index_names\u001b[39m\u001b[39m\"\u001b[39m] \u001b[39m=\u001b[39m kwds[\u001b[39m\"\u001b[39m\u001b[39mhas_index_names\u001b[39m\u001b[39m\"\u001b[39m]\n\u001b[0;32m    <a href='file:///c%3A/Users/barka/AppData/Local/Programs/Python/Python310/lib/site-packages/pandas/io/parsers/readers.py?line=931'>932</a>\u001b[0m \u001b[39mself\u001b[39m\u001b[39m.\u001b[39mhandles: IOHandles \u001b[39m|\u001b[39m \u001b[39mNone\u001b[39;00m \u001b[39m=\u001b[39m \u001b[39mNone\u001b[39;00m\n\u001b[1;32m--> <a href='file:///c%3A/Users/barka/AppData/Local/Programs/Python/Python310/lib/site-packages/pandas/io/parsers/readers.py?line=932'>933</a>\u001b[0m \u001b[39mself\u001b[39m\u001b[39m.\u001b[39m_engine \u001b[39m=\u001b[39m \u001b[39mself\u001b[39;49m\u001b[39m.\u001b[39;49m_make_engine(f, \u001b[39mself\u001b[39;49m\u001b[39m.\u001b[39;49mengine)\n",
      "File \u001b[1;32m~\\AppData\\Local\\Programs\\Python\\Python310\\lib\\site-packages\\pandas\\io\\parsers\\readers.py:1217\u001b[0m, in \u001b[0;36mTextFileReader._make_engine\u001b[1;34m(self, f, engine)\u001b[0m\n\u001b[0;32m   <a href='file:///c%3A/Users/barka/AppData/Local/Programs/Python/Python310/lib/site-packages/pandas/io/parsers/readers.py?line=1212'>1213</a>\u001b[0m     mode \u001b[39m=\u001b[39m \u001b[39m\"\u001b[39m\u001b[39mrb\u001b[39m\u001b[39m\"\u001b[39m\n\u001b[0;32m   <a href='file:///c%3A/Users/barka/AppData/Local/Programs/Python/Python310/lib/site-packages/pandas/io/parsers/readers.py?line=1213'>1214</a>\u001b[0m \u001b[39m# error: No overload variant of \"get_handle\" matches argument types\u001b[39;00m\n\u001b[0;32m   <a href='file:///c%3A/Users/barka/AppData/Local/Programs/Python/Python310/lib/site-packages/pandas/io/parsers/readers.py?line=1214'>1215</a>\u001b[0m \u001b[39m# \"Union[str, PathLike[str], ReadCsvBuffer[bytes], ReadCsvBuffer[str]]\"\u001b[39;00m\n\u001b[0;32m   <a href='file:///c%3A/Users/barka/AppData/Local/Programs/Python/Python310/lib/site-packages/pandas/io/parsers/readers.py?line=1215'>1216</a>\u001b[0m \u001b[39m# , \"str\", \"bool\", \"Any\", \"Any\", \"Any\", \"Any\", \"Any\"\u001b[39;00m\n\u001b[1;32m-> <a href='file:///c%3A/Users/barka/AppData/Local/Programs/Python/Python310/lib/site-packages/pandas/io/parsers/readers.py?line=1216'>1217</a>\u001b[0m \u001b[39mself\u001b[39m\u001b[39m.\u001b[39mhandles \u001b[39m=\u001b[39m get_handle(  \u001b[39m# type: ignore[call-overload]\u001b[39;49;00m\n\u001b[0;32m   <a href='file:///c%3A/Users/barka/AppData/Local/Programs/Python/Python310/lib/site-packages/pandas/io/parsers/readers.py?line=1217'>1218</a>\u001b[0m     f,\n\u001b[0;32m   <a href='file:///c%3A/Users/barka/AppData/Local/Programs/Python/Python310/lib/site-packages/pandas/io/parsers/readers.py?line=1218'>1219</a>\u001b[0m     mode,\n\u001b[0;32m   <a href='file:///c%3A/Users/barka/AppData/Local/Programs/Python/Python310/lib/site-packages/pandas/io/parsers/readers.py?line=1219'>1220</a>\u001b[0m     encoding\u001b[39m=\u001b[39;49m\u001b[39mself\u001b[39;49m\u001b[39m.\u001b[39;49moptions\u001b[39m.\u001b[39;49mget(\u001b[39m\"\u001b[39;49m\u001b[39mencoding\u001b[39;49m\u001b[39m\"\u001b[39;49m, \u001b[39mNone\u001b[39;49;00m),\n\u001b[0;32m   <a href='file:///c%3A/Users/barka/AppData/Local/Programs/Python/Python310/lib/site-packages/pandas/io/parsers/readers.py?line=1220'>1221</a>\u001b[0m     compression\u001b[39m=\u001b[39;49m\u001b[39mself\u001b[39;49m\u001b[39m.\u001b[39;49moptions\u001b[39m.\u001b[39;49mget(\u001b[39m\"\u001b[39;49m\u001b[39mcompression\u001b[39;49m\u001b[39m\"\u001b[39;49m, \u001b[39mNone\u001b[39;49;00m),\n\u001b[0;32m   <a href='file:///c%3A/Users/barka/AppData/Local/Programs/Python/Python310/lib/site-packages/pandas/io/parsers/readers.py?line=1221'>1222</a>\u001b[0m     memory_map\u001b[39m=\u001b[39;49m\u001b[39mself\u001b[39;49m\u001b[39m.\u001b[39;49moptions\u001b[39m.\u001b[39;49mget(\u001b[39m\"\u001b[39;49m\u001b[39mmemory_map\u001b[39;49m\u001b[39m\"\u001b[39;49m, \u001b[39mFalse\u001b[39;49;00m),\n\u001b[0;32m   <a href='file:///c%3A/Users/barka/AppData/Local/Programs/Python/Python310/lib/site-packages/pandas/io/parsers/readers.py?line=1222'>1223</a>\u001b[0m     is_text\u001b[39m=\u001b[39;49mis_text,\n\u001b[0;32m   <a href='file:///c%3A/Users/barka/AppData/Local/Programs/Python/Python310/lib/site-packages/pandas/io/parsers/readers.py?line=1223'>1224</a>\u001b[0m     errors\u001b[39m=\u001b[39;49m\u001b[39mself\u001b[39;49m\u001b[39m.\u001b[39;49moptions\u001b[39m.\u001b[39;49mget(\u001b[39m\"\u001b[39;49m\u001b[39mencoding_errors\u001b[39;49m\u001b[39m\"\u001b[39;49m, \u001b[39m\"\u001b[39;49m\u001b[39mstrict\u001b[39;49m\u001b[39m\"\u001b[39;49m),\n\u001b[0;32m   <a href='file:///c%3A/Users/barka/AppData/Local/Programs/Python/Python310/lib/site-packages/pandas/io/parsers/readers.py?line=1224'>1225</a>\u001b[0m     storage_options\u001b[39m=\u001b[39;49m\u001b[39mself\u001b[39;49m\u001b[39m.\u001b[39;49moptions\u001b[39m.\u001b[39;49mget(\u001b[39m\"\u001b[39;49m\u001b[39mstorage_options\u001b[39;49m\u001b[39m\"\u001b[39;49m, \u001b[39mNone\u001b[39;49;00m),\n\u001b[0;32m   <a href='file:///c%3A/Users/barka/AppData/Local/Programs/Python/Python310/lib/site-packages/pandas/io/parsers/readers.py?line=1225'>1226</a>\u001b[0m )\n\u001b[0;32m   <a href='file:///c%3A/Users/barka/AppData/Local/Programs/Python/Python310/lib/site-packages/pandas/io/parsers/readers.py?line=1226'>1227</a>\u001b[0m \u001b[39massert\u001b[39;00m \u001b[39mself\u001b[39m\u001b[39m.\u001b[39mhandles \u001b[39mis\u001b[39;00m \u001b[39mnot\u001b[39;00m \u001b[39mNone\u001b[39;00m\n\u001b[0;32m   <a href='file:///c%3A/Users/barka/AppData/Local/Programs/Python/Python310/lib/site-packages/pandas/io/parsers/readers.py?line=1227'>1228</a>\u001b[0m f \u001b[39m=\u001b[39m \u001b[39mself\u001b[39m\u001b[39m.\u001b[39mhandles\u001b[39m.\u001b[39mhandle\n",
      "File \u001b[1;32m~\\AppData\\Local\\Programs\\Python\\Python310\\lib\\site-packages\\pandas\\io\\common.py:789\u001b[0m, in \u001b[0;36mget_handle\u001b[1;34m(path_or_buf, mode, encoding, compression, memory_map, is_text, errors, storage_options)\u001b[0m\n\u001b[0;32m    <a href='file:///c%3A/Users/barka/AppData/Local/Programs/Python/Python310/lib/site-packages/pandas/io/common.py?line=783'>784</a>\u001b[0m \u001b[39melif\u001b[39;00m \u001b[39misinstance\u001b[39m(handle, \u001b[39mstr\u001b[39m):\n\u001b[0;32m    <a href='file:///c%3A/Users/barka/AppData/Local/Programs/Python/Python310/lib/site-packages/pandas/io/common.py?line=784'>785</a>\u001b[0m     \u001b[39m# Check whether the filename is to be opened in binary mode.\u001b[39;00m\n\u001b[0;32m    <a href='file:///c%3A/Users/barka/AppData/Local/Programs/Python/Python310/lib/site-packages/pandas/io/common.py?line=785'>786</a>\u001b[0m     \u001b[39m# Binary mode does not support 'encoding' and 'newline'.\u001b[39;00m\n\u001b[0;32m    <a href='file:///c%3A/Users/barka/AppData/Local/Programs/Python/Python310/lib/site-packages/pandas/io/common.py?line=786'>787</a>\u001b[0m     \u001b[39mif\u001b[39;00m ioargs\u001b[39m.\u001b[39mencoding \u001b[39mand\u001b[39;00m \u001b[39m\"\u001b[39m\u001b[39mb\u001b[39m\u001b[39m\"\u001b[39m \u001b[39mnot\u001b[39;00m \u001b[39min\u001b[39;00m ioargs\u001b[39m.\u001b[39mmode:\n\u001b[0;32m    <a href='file:///c%3A/Users/barka/AppData/Local/Programs/Python/Python310/lib/site-packages/pandas/io/common.py?line=787'>788</a>\u001b[0m         \u001b[39m# Encoding\u001b[39;00m\n\u001b[1;32m--> <a href='file:///c%3A/Users/barka/AppData/Local/Programs/Python/Python310/lib/site-packages/pandas/io/common.py?line=788'>789</a>\u001b[0m         handle \u001b[39m=\u001b[39m \u001b[39mopen\u001b[39;49m(\n\u001b[0;32m    <a href='file:///c%3A/Users/barka/AppData/Local/Programs/Python/Python310/lib/site-packages/pandas/io/common.py?line=789'>790</a>\u001b[0m             handle,\n\u001b[0;32m    <a href='file:///c%3A/Users/barka/AppData/Local/Programs/Python/Python310/lib/site-packages/pandas/io/common.py?line=790'>791</a>\u001b[0m             ioargs\u001b[39m.\u001b[39;49mmode,\n\u001b[0;32m    <a href='file:///c%3A/Users/barka/AppData/Local/Programs/Python/Python310/lib/site-packages/pandas/io/common.py?line=791'>792</a>\u001b[0m             encoding\u001b[39m=\u001b[39;49mioargs\u001b[39m.\u001b[39;49mencoding,\n\u001b[0;32m    <a href='file:///c%3A/Users/barka/AppData/Local/Programs/Python/Python310/lib/site-packages/pandas/io/common.py?line=792'>793</a>\u001b[0m             errors\u001b[39m=\u001b[39;49merrors,\n\u001b[0;32m    <a href='file:///c%3A/Users/barka/AppData/Local/Programs/Python/Python310/lib/site-packages/pandas/io/common.py?line=793'>794</a>\u001b[0m             newline\u001b[39m=\u001b[39;49m\u001b[39m\"\u001b[39;49m\u001b[39m\"\u001b[39;49m,\n\u001b[0;32m    <a href='file:///c%3A/Users/barka/AppData/Local/Programs/Python/Python310/lib/site-packages/pandas/io/common.py?line=794'>795</a>\u001b[0m         )\n\u001b[0;32m    <a href='file:///c%3A/Users/barka/AppData/Local/Programs/Python/Python310/lib/site-packages/pandas/io/common.py?line=795'>796</a>\u001b[0m     \u001b[39melse\u001b[39;00m:\n\u001b[0;32m    <a href='file:///c%3A/Users/barka/AppData/Local/Programs/Python/Python310/lib/site-packages/pandas/io/common.py?line=796'>797</a>\u001b[0m         \u001b[39m# Binary mode\u001b[39;00m\n\u001b[0;32m    <a href='file:///c%3A/Users/barka/AppData/Local/Programs/Python/Python310/lib/site-packages/pandas/io/common.py?line=797'>798</a>\u001b[0m         handle \u001b[39m=\u001b[39m \u001b[39mopen\u001b[39m(handle, ioargs\u001b[39m.\u001b[39mmode)\n",
      "\u001b[1;31mFileNotFoundError\u001b[0m: [Errno 2] No such file or directory: 'post_data_prep_all_zones.csv'"
     ]
    }
   ],
   "source": [
    "main_df=pd.read_csv(r'post_data_prep_all_zones.csv')"
   ]
  },
  {
   "cell_type": "code",
   "execution_count": null,
   "metadata": {},
   "outputs": [
    {
     "data": {
      "text/plain": [
       "pickup_date      0\n",
       "weekday          0\n",
       "time_binned      0\n",
       "Tmax             0\n",
       "Tmin             0\n",
       "Tavg             0\n",
       "Tdep             0\n",
       "HDD              0\n",
       "CDD              0\n",
       "Precipitation    0\n",
       "new_snow         0\n",
       "snow_depth       0\n",
       "trip_distance    0\n",
       "trip_time        0\n",
       "speed            0\n",
       "num_of_taxis     0\n",
       "Zone             0\n",
       "dtype: int64"
      ]
     },
     "execution_count": 9,
     "metadata": {},
     "output_type": "execute_result"
    }
   ],
   "source": [
    "\n",
    "main_df.dropna(inplace=True)\n",
    "\n",
    "main_df.isna().sum()"
   ]
  },
  {
   "cell_type": "code",
   "execution_count": null,
   "metadata": {},
   "outputs": [
    {
     "name": "stdout",
     "output_type": "stream",
     "text": [
      "split1 interval trip times is between 5.0 to 10.0 mintues\n",
      "split2 interval trip times is between 10.000000000000002 to 15.0 mintues\n",
      "split3 interval trip times is between 15.000314465408804 to 62.8 mintues\n"
     ]
    }
   ],
   "source": [
    "#the all drives minum 5 mins\n",
    "main_df.drop(main_df[main_df['trip_time'] < 5].index,axis=0,inplace=True) \n",
    "\n",
    "main_df.drop(['pickup_date'],axis=1,inplace=True)\n",
    "main_cp=main_df\n",
    "\n",
    "\n",
    "#split to 3 intervals of times (5~10, 10~15, 15+)\n",
    "\n",
    "split1=main_df.loc[(main_df.trip_time <=10)] #between 5 to 10 mintues\n",
    "\n",
    "split2= main_df.loc[(main_df.trip_time >10) & (main_df.trip_time <=15)] # between 10 to 15 mintues\n",
    "\n",
    "split3=main_df.loc[(main_df.trip_time >15)] #15 mintues or more\n",
    "\n",
    "\n",
    "print(\"split1 interval trip times is between\" ,min(split1.trip_time),\"to\" ,max(split1.trip_time), \"mintues\")\n",
    "print(\"split2 interval trip times is between\" ,min(split2.trip_time),\"to\" ,max(split2.trip_time), \"mintues\")\n",
    "print(\"split3 interval trip times is between\" ,min(split3.trip_time),\"to\" ,max(split3.trip_time), \"mintues\")\n",
    "\n"
   ]
  },
  {
   "cell_type": "code",
   "execution_count": null,
   "metadata": {},
   "outputs": [
    {
     "ename": "ValueError",
     "evalue": "Mime type rendering requires nbformat>=4.2.0 but it is not installed",
     "output_type": "error",
     "traceback": [
      "\u001b[1;31m---------------------------------------------------------------------------\u001b[0m",
      "\u001b[1;31mValueError\u001b[0m                                Traceback (most recent call last)",
      "\u001b[1;32m~\\AppData\\Local\\Programs\\Python\\Python310\\lib\\site-packages\\IPython\\core\\formatters.py\u001b[0m in \u001b[0;36m__call__\u001b[1;34m(self, obj)\u001b[0m\n\u001b[0;32m    916\u001b[0m             \u001b[0mmethod\u001b[0m \u001b[1;33m=\u001b[0m \u001b[0mget_real_method\u001b[0m\u001b[1;33m(\u001b[0m\u001b[0mobj\u001b[0m\u001b[1;33m,\u001b[0m \u001b[0mself\u001b[0m\u001b[1;33m.\u001b[0m\u001b[0mprint_method\u001b[0m\u001b[1;33m)\u001b[0m\u001b[1;33m\u001b[0m\u001b[1;33m\u001b[0m\u001b[0m\n\u001b[0;32m    917\u001b[0m             \u001b[1;32mif\u001b[0m \u001b[0mmethod\u001b[0m \u001b[1;32mis\u001b[0m \u001b[1;32mnot\u001b[0m \u001b[1;32mNone\u001b[0m\u001b[1;33m:\u001b[0m\u001b[1;33m\u001b[0m\u001b[1;33m\u001b[0m\u001b[0m\n\u001b[1;32m--> 918\u001b[1;33m                 \u001b[0mmethod\u001b[0m\u001b[1;33m(\u001b[0m\u001b[1;33m)\u001b[0m\u001b[1;33m\u001b[0m\u001b[1;33m\u001b[0m\u001b[0m\n\u001b[0m\u001b[0;32m    919\u001b[0m                 \u001b[1;32mreturn\u001b[0m \u001b[1;32mTrue\u001b[0m\u001b[1;33m\u001b[0m\u001b[1;33m\u001b[0m\u001b[0m\n\u001b[0;32m    920\u001b[0m \u001b[1;33m\u001b[0m\u001b[0m\n",
      "\u001b[1;32m~\\AppData\\Local\\Programs\\Python\\Python310\\lib\\site-packages\\plotly\\basedatatypes.py\u001b[0m in \u001b[0;36m_ipython_display_\u001b[1;34m(self)\u001b[0m\n\u001b[0;32m    842\u001b[0m \u001b[1;33m\u001b[0m\u001b[0m\n\u001b[0;32m    843\u001b[0m         \u001b[1;32mif\u001b[0m \u001b[0mpio\u001b[0m\u001b[1;33m.\u001b[0m\u001b[0mrenderers\u001b[0m\u001b[1;33m.\u001b[0m\u001b[0mrender_on_display\u001b[0m \u001b[1;32mand\u001b[0m \u001b[0mpio\u001b[0m\u001b[1;33m.\u001b[0m\u001b[0mrenderers\u001b[0m\u001b[1;33m.\u001b[0m\u001b[0mdefault\u001b[0m\u001b[1;33m:\u001b[0m\u001b[1;33m\u001b[0m\u001b[1;33m\u001b[0m\u001b[0m\n\u001b[1;32m--> 844\u001b[1;33m             \u001b[0mpio\u001b[0m\u001b[1;33m.\u001b[0m\u001b[0mshow\u001b[0m\u001b[1;33m(\u001b[0m\u001b[0mself\u001b[0m\u001b[1;33m)\u001b[0m\u001b[1;33m\u001b[0m\u001b[1;33m\u001b[0m\u001b[0m\n\u001b[0m\u001b[0;32m    845\u001b[0m         \u001b[1;32melse\u001b[0m\u001b[1;33m:\u001b[0m\u001b[1;33m\u001b[0m\u001b[1;33m\u001b[0m\u001b[0m\n\u001b[0;32m    846\u001b[0m             \u001b[0mprint\u001b[0m\u001b[1;33m(\u001b[0m\u001b[0mrepr\u001b[0m\u001b[1;33m(\u001b[0m\u001b[0mself\u001b[0m\u001b[1;33m)\u001b[0m\u001b[1;33m)\u001b[0m\u001b[1;33m\u001b[0m\u001b[1;33m\u001b[0m\u001b[0m\n",
      "\u001b[1;32m~\\AppData\\Local\\Programs\\Python\\Python310\\lib\\site-packages\\plotly\\io\\_renderers.py\u001b[0m in \u001b[0;36mshow\u001b[1;34m(fig, renderer, validate, **kwargs)\u001b[0m\n\u001b[0;32m    395\u001b[0m \u001b[1;33m\u001b[0m\u001b[0m\n\u001b[0;32m    396\u001b[0m         \u001b[1;32mif\u001b[0m \u001b[1;32mnot\u001b[0m \u001b[0mnbformat\u001b[0m \u001b[1;32mor\u001b[0m \u001b[0mLooseVersion\u001b[0m\u001b[1;33m(\u001b[0m\u001b[0mnbformat\u001b[0m\u001b[1;33m.\u001b[0m\u001b[0m__version__\u001b[0m\u001b[1;33m)\u001b[0m \u001b[1;33m<\u001b[0m \u001b[0mLooseVersion\u001b[0m\u001b[1;33m(\u001b[0m\u001b[1;34m\"4.2.0\"\u001b[0m\u001b[1;33m)\u001b[0m\u001b[1;33m:\u001b[0m\u001b[1;33m\u001b[0m\u001b[1;33m\u001b[0m\u001b[0m\n\u001b[1;32m--> 397\u001b[1;33m             raise ValueError(\n\u001b[0m\u001b[0;32m    398\u001b[0m                 \u001b[1;34m\"Mime type rendering requires nbformat>=4.2.0 but it is not installed\"\u001b[0m\u001b[1;33m\u001b[0m\u001b[1;33m\u001b[0m\u001b[0m\n\u001b[0;32m    399\u001b[0m             )\n",
      "\u001b[1;31mValueError\u001b[0m: Mime type rendering requires nbformat>=4.2.0 but it is not installed"
     ]
    },
    {
     "data": {
      "application/vnd.plotly.v1+json": {
       "config": {
        "plotlyServerURL": "https://plot.ly"
       },
       "data": [
        {
         "type": "heatmap",
         "x": [
          "Tmax",
          "Tmin",
          "Tavg",
          "Tdep",
          "HDD",
          "CDD",
          "Precipitation",
          "new_snow",
          "snow_depth",
          "trip_distance",
          "trip_time",
          "speed",
          "num_of_taxis",
          "Zone"
         ],
         "y": [
          "Tmax",
          "Tmin",
          "Tavg",
          "Tdep",
          "HDD",
          "CDD",
          "Precipitation",
          "new_snow",
          "snow_depth",
          "trip_distance",
          "trip_time",
          "speed",
          "num_of_taxis",
          "Zone"
         ],
         "z": [
          [
           1,
           0.9609996625995805,
           0.9910264102193189,
           0.48287540393570405,
           -0.9575755290945435,
           0.7621595092896528,
           0.014411874318359752,
           -0.19222845899961546,
           -0.1950433058937461,
           0.022074666494927692,
           0.03142677283135284,
           0.010644136157899041,
           -0.058256163288288955,
           -0.0007875965387941776
          ],
          [
           0.9609996625995805,
           1,
           0.9893413733380612,
           0.42356197267279044,
           -0.9531989120518882,
           0.7680656095774844,
           0.04126569030165186,
           -0.17318215509669294,
           -0.18173572912419225,
           0.0223336044180215,
           0.032013392258019184,
           0.009848504078327783,
           -0.06168229549456523,
           -0.000828407546829605
          ],
          [
           0.9910264102193189,
           0.9893413733380612,
           1,
           0.45897631297582503,
           -0.9649177998124127,
           0.7725417251167827,
           0.027533617453101716,
           -0.18492127913700368,
           -0.19053765773289658,
           0.022417844288252275,
           0.03202069826708032,
           0.01036470742748383,
           -0.06048751067773234,
           -0.0008151007676939943
          ],
          [
           0.48287540393570405,
           0.42356197267279044,
           0.45897631297582503,
           1,
           -0.4769863378434424,
           0.2733082940306856,
           0.037107421164262896,
           -0.10497927877333531,
           -0.12697979900993517,
           0.014630423475529234,
           -0.008997197960881262,
           0.031483037582376895,
           -0.029267121366528065,
           -0.000047097476641168103
          ],
          [
           -0.9575755290945435,
           -0.9531989120518882,
           -0.9649177998124127,
           -0.4769863378434424,
           1,
           -0.5791438272468715,
           -0.03918818250720459,
           0.20043100887002563,
           0.20897469400591795,
           -0.022545567503286918,
           -0.04288953425110751,
           -0.0006620153246309113,
           0.053363006649726985,
           0.0007422457690538215
          ],
          [
           0.7621595092896528,
           0.7680656095774844,
           0.7725417251167827,
           0.2733082940306856,
           -0.5791438272468715,
           1,
           -0.012528776751200133,
           -0.09015207441759804,
           -0.08967112365957976,
           0.01509499005387041,
           -0.0035775836784969635,
           0.02989913450333174,
           -0.058354553982912886,
           -0.0007367502188422571
          ],
          [
           0.014411874318359752,
           0.04126569030165186,
           0.027533617453101716,
           0.037107421164262896,
           -0.03918818250720459,
           -0.012528776751200133,
           1,
           0.12232296370296111,
           0.03982940875458798,
           -0.011508960386741844,
           0.007160323881633254,
           -0.02375405795799241,
           0.008925813894526192,
           -0.00021364596748435475
          ],
          [
           -0.19222845899961546,
           -0.17318215509669294,
           -0.18492127913700368,
           -0.10497927877333531,
           0.20043100887002563,
           -0.09015207441759804,
           0.12232296370296111,
           1,
           0.7218413388138033,
           -0.003344115459970962,
           -0.022354074336464313,
           0.00920151973096322,
           0.006573936023148356,
           0.0003115499830003975
          ],
          [
           -0.1950433058937461,
           -0.18173572912419225,
           -0.19053765773289658,
           -0.12697979900993517,
           0.20897469400591795,
           -0.08967112365957976,
           0.03982940875458798,
           0.7218413388138033,
           1,
           -0.00199515468768063,
           -0.01447463229944908,
           0.004073861899651853,
           0.011479656455221223,
           -0.000021344669703117497
          ],
          [
           0.022074666494927692,
           0.0223336044180215,
           0.022417844288252275,
           0.014630423475529234,
           -0.022545567503286918,
           0.01509499005387041,
           -0.011508960386741844,
           -0.003344115459970962,
           -0.00199515468768063,
           1,
           0.6594643993069172,
           0.565147694092292,
           -0.3149201692572861,
           -0.04072054239238365
          ],
          [
           0.03142677283135284,
           0.032013392258019184,
           0.03202069826708032,
           -0.008997197960881262,
           -0.04288953425110751,
           -0.0035775836784969635,
           0.007160323881633254,
           -0.022354074336464313,
           -0.01447463229944908,
           0.6594643993069172,
           1,
           -0.1944400945200458,
           0.040970316139713144,
           -0.04233025921455317
          ],
          [
           0.010644136157899041,
           0.009848504078327783,
           0.01036470742748383,
           0.031483037582376895,
           -0.0006620153246309113,
           0.02989913450333174,
           -0.02375405795799241,
           0.00920151973096322,
           0.004073861899651853,
           0.565147694092292,
           -0.1944400945200458,
           1,
           -0.510755187499353,
           -0.006640690137903631
          ],
          [
           -0.058256163288288955,
           -0.06168229549456523,
           -0.06048751067773234,
           -0.029267121366528065,
           0.053363006649726985,
           -0.058354553982912886,
           0.008925813894526192,
           0.006573936023148356,
           0.011479656455221223,
           -0.3149201692572861,
           0.040970316139713144,
           -0.510755187499353,
           1,
           0.17980725691863694
          ],
          [
           -0.0007875965387941776,
           -0.000828407546829605,
           -0.0008151007676939943,
           -0.000047097476641168103,
           0.0007422457690538215,
           -0.0007367502188422571,
           -0.00021364596748435475,
           0.0003115499830003975,
           -0.000021344669703117497,
           -0.04072054239238365,
           -0.04233025921455317,
           -0.006640690137903631,
           0.17980725691863694,
           1
          ]
         ],
         "zmax": 1,
         "zmin": -1
        }
       ],
       "layout": {
        "template": {
         "data": {
          "bar": [
           {
            "error_x": {
             "color": "#2a3f5f"
            },
            "error_y": {
             "color": "#2a3f5f"
            },
            "marker": {
             "line": {
              "color": "#E5ECF6",
              "width": 0.5
             },
             "pattern": {
              "fillmode": "overlay",
              "size": 10,
              "solidity": 0.2
             }
            },
            "type": "bar"
           }
          ],
          "barpolar": [
           {
            "marker": {
             "line": {
              "color": "#E5ECF6",
              "width": 0.5
             },
             "pattern": {
              "fillmode": "overlay",
              "size": 10,
              "solidity": 0.2
             }
            },
            "type": "barpolar"
           }
          ],
          "carpet": [
           {
            "aaxis": {
             "endlinecolor": "#2a3f5f",
             "gridcolor": "white",
             "linecolor": "white",
             "minorgridcolor": "white",
             "startlinecolor": "#2a3f5f"
            },
            "baxis": {
             "endlinecolor": "#2a3f5f",
             "gridcolor": "white",
             "linecolor": "white",
             "minorgridcolor": "white",
             "startlinecolor": "#2a3f5f"
            },
            "type": "carpet"
           }
          ],
          "choropleth": [
           {
            "colorbar": {
             "outlinewidth": 0,
             "ticks": ""
            },
            "type": "choropleth"
           }
          ],
          "contour": [
           {
            "colorbar": {
             "outlinewidth": 0,
             "ticks": ""
            },
            "colorscale": [
             [
              0,
              "#0d0887"
             ],
             [
              0.1111111111111111,
              "#46039f"
             ],
             [
              0.2222222222222222,
              "#7201a8"
             ],
             [
              0.3333333333333333,
              "#9c179e"
             ],
             [
              0.4444444444444444,
              "#bd3786"
             ],
             [
              0.5555555555555556,
              "#d8576b"
             ],
             [
              0.6666666666666666,
              "#ed7953"
             ],
             [
              0.7777777777777778,
              "#fb9f3a"
             ],
             [
              0.8888888888888888,
              "#fdca26"
             ],
             [
              1,
              "#f0f921"
             ]
            ],
            "type": "contour"
           }
          ],
          "contourcarpet": [
           {
            "colorbar": {
             "outlinewidth": 0,
             "ticks": ""
            },
            "type": "contourcarpet"
           }
          ],
          "heatmap": [
           {
            "colorbar": {
             "outlinewidth": 0,
             "ticks": ""
            },
            "colorscale": [
             [
              0,
              "#0d0887"
             ],
             [
              0.1111111111111111,
              "#46039f"
             ],
             [
              0.2222222222222222,
              "#7201a8"
             ],
             [
              0.3333333333333333,
              "#9c179e"
             ],
             [
              0.4444444444444444,
              "#bd3786"
             ],
             [
              0.5555555555555556,
              "#d8576b"
             ],
             [
              0.6666666666666666,
              "#ed7953"
             ],
             [
              0.7777777777777778,
              "#fb9f3a"
             ],
             [
              0.8888888888888888,
              "#fdca26"
             ],
             [
              1,
              "#f0f921"
             ]
            ],
            "type": "heatmap"
           }
          ],
          "heatmapgl": [
           {
            "colorbar": {
             "outlinewidth": 0,
             "ticks": ""
            },
            "colorscale": [
             [
              0,
              "#0d0887"
             ],
             [
              0.1111111111111111,
              "#46039f"
             ],
             [
              0.2222222222222222,
              "#7201a8"
             ],
             [
              0.3333333333333333,
              "#9c179e"
             ],
             [
              0.4444444444444444,
              "#bd3786"
             ],
             [
              0.5555555555555556,
              "#d8576b"
             ],
             [
              0.6666666666666666,
              "#ed7953"
             ],
             [
              0.7777777777777778,
              "#fb9f3a"
             ],
             [
              0.8888888888888888,
              "#fdca26"
             ],
             [
              1,
              "#f0f921"
             ]
            ],
            "type": "heatmapgl"
           }
          ],
          "histogram": [
           {
            "marker": {
             "pattern": {
              "fillmode": "overlay",
              "size": 10,
              "solidity": 0.2
             }
            },
            "type": "histogram"
           }
          ],
          "histogram2d": [
           {
            "colorbar": {
             "outlinewidth": 0,
             "ticks": ""
            },
            "colorscale": [
             [
              0,
              "#0d0887"
             ],
             [
              0.1111111111111111,
              "#46039f"
             ],
             [
              0.2222222222222222,
              "#7201a8"
             ],
             [
              0.3333333333333333,
              "#9c179e"
             ],
             [
              0.4444444444444444,
              "#bd3786"
             ],
             [
              0.5555555555555556,
              "#d8576b"
             ],
             [
              0.6666666666666666,
              "#ed7953"
             ],
             [
              0.7777777777777778,
              "#fb9f3a"
             ],
             [
              0.8888888888888888,
              "#fdca26"
             ],
             [
              1,
              "#f0f921"
             ]
            ],
            "type": "histogram2d"
           }
          ],
          "histogram2dcontour": [
           {
            "colorbar": {
             "outlinewidth": 0,
             "ticks": ""
            },
            "colorscale": [
             [
              0,
              "#0d0887"
             ],
             [
              0.1111111111111111,
              "#46039f"
             ],
             [
              0.2222222222222222,
              "#7201a8"
             ],
             [
              0.3333333333333333,
              "#9c179e"
             ],
             [
              0.4444444444444444,
              "#bd3786"
             ],
             [
              0.5555555555555556,
              "#d8576b"
             ],
             [
              0.6666666666666666,
              "#ed7953"
             ],
             [
              0.7777777777777778,
              "#fb9f3a"
             ],
             [
              0.8888888888888888,
              "#fdca26"
             ],
             [
              1,
              "#f0f921"
             ]
            ],
            "type": "histogram2dcontour"
           }
          ],
          "mesh3d": [
           {
            "colorbar": {
             "outlinewidth": 0,
             "ticks": ""
            },
            "type": "mesh3d"
           }
          ],
          "parcoords": [
           {
            "line": {
             "colorbar": {
              "outlinewidth": 0,
              "ticks": ""
             }
            },
            "type": "parcoords"
           }
          ],
          "pie": [
           {
            "automargin": true,
            "type": "pie"
           }
          ],
          "scatter": [
           {
            "marker": {
             "colorbar": {
              "outlinewidth": 0,
              "ticks": ""
             }
            },
            "type": "scatter"
           }
          ],
          "scatter3d": [
           {
            "line": {
             "colorbar": {
              "outlinewidth": 0,
              "ticks": ""
             }
            },
            "marker": {
             "colorbar": {
              "outlinewidth": 0,
              "ticks": ""
             }
            },
            "type": "scatter3d"
           }
          ],
          "scattercarpet": [
           {
            "marker": {
             "colorbar": {
              "outlinewidth": 0,
              "ticks": ""
             }
            },
            "type": "scattercarpet"
           }
          ],
          "scattergeo": [
           {
